重庆邮电大学逸夫楼
1
Tue Apr 25 19:09:24 2023
3	6	15	23	24	28	16	
重庆邮电大学逸夫楼
2
Tue Apr 25 19:09:24 2023
11	14	20	23	25	29	15	
重庆邮电大学逸夫楼
3
Tue Apr 25 19:09:24 2023
4	6	8	10	19	25	11	
重庆邮电大学逸夫楼
4
Tue Apr 25 19:09:24 2023
3	6	17	20	27	31	11	
重庆邮电大学逸夫楼
5
Tue Apr 25 19:09:24 2023
2	4	7	28	30	33	13	
重庆邮电大学逸夫楼
6
Tue Apr 25 19:09:24 2023
2	6	17	19	22	28	16	
重庆邮电大学逸夫楼
7
Tue Apr 25 19:09:24 2023
2	3	5	7	26	30	8	
重庆邮电大学逸夫楼
8
Tue Apr 25 19:09:24 2023
6	14	16	24	27	29	16	
重庆邮电大学逸夫楼
9
Tue Apr 25 19:09:24 2023
2	3	4	13	18	23	8	
重庆邮电大学逸夫楼
10
Tue Apr 25 19:09:24 2023
1	14	19	22	32	33	6	
